RFID = np.array([[7.0, 23.0],
                     [23.0, 13.0],
                     [7.0, 13.0],
                     [23.0, 63.0],
                     [27.0, 17.5],
                     [17.0, 27.0],
                     [17.0, 3.0],
                     [32.5, 7.0],
                     [93.0, 77.0],  # Added landmarks for Robot 2
                     [77.0, 87.0],
                     [93.0, 87.0],
                     [77.0, 37.0],
                     [73.0, 82.0],
                     [83.0, 73.0],
                     [83.0, 97.0],
                     [68.5, 93.0]])