RFID = np.array([[7.0, 23.0],
                     [23.0, 13.0],
                     [7.0, 13.0],
                     [23.0, 63.0],
                     [27.0, 17.5],
                     [17.0, 27.0],
                     [17.0, 3.0],
                     [32.5, 7.0],
                     [27.0, 47.0],  # Added landmarks for Robot 2
                     [33.0, 37.0],
                     [37.0, 43.0],
                     [43.0, 53.0],
                     [43.0, 27.0],
                     [53.0, 43.0],
                     [53.0, 33.0]])